17.044
12.933
12.933
12.933
12.933
8.0196
8.0196
8.0196
8.0196
8.0196
8.0196
8.0196
8.0196
8.0196
8.0196
8.0196
8.0196
8.0196
8.0196
8.0196
8.0196
8.0196
8.0196
8.0196
8.0196
8.0196
8.0196
8.0196
8.0196
8.0196
8.0196
8.0196
8.0196
8.0196
8.0196
8.0196
8.0196
8.0196
8.0196
8.0196
8.0196
8.0196
8.0196
8.0196
8.0196
8.0196
8.0196
8.0196
8.0196
8.0196
8.0196
8.0196
8.0196
8.0196
8.0196
8.0196
8.0196
8.0196
8.0196
8.0196
8.0196
8.0196
8.0196
8.0196
8.0196
8.0196
8.0196
8.0196
8.0196
8.0196
7.8265
7.8265
7.8265
7.8265
7.8265
7.8265
7.8265
7.8265
7.8265
7.8265
7.8265
7.8265
7.8265
7.8265
7.8265
7.8265
7.8265
7.8265
7.8265
7.8265
7.8265
7.8265
7.8265
7.8265
7.8265
7.8265
7.8265
7.8265
7.8265
7.8265
7.8265
7.8265
7.8265
7.8265
7.8265
7.8265
7.8265
7.8265
7.8265
7.8265
7.8265
7.8265
7.8265
7.8265
7.8265
7.8265
7.8265
7.8265
7.8265
7.8265
7.8265
7.8265
7.8265
7.8265
7.8265
7.8265
7.8265
7.8265
7.8265
7.8265
7.8265
7.8265
7.8265
7.8265
7.8265
7.5884
7.5884
7.5884
7.4116
7.4116
7.4116
7.4116
7.4116
7.4116
7.4116
7.4116
7.4116
7.4116
7.4116
7.4116
7.4116
7.4116
7.4116
7.4116
7.4116
7.4116
7.4116
7.4116
7.4116
7.4116
7.4116
7.4116
7.4116
7.4116
7.4116
7.4116
7.4116
7.4116
7.4116
7.4116
7.4116
7.4116
7.4116
7.4116
7.4116
7.4116
7.4116
7.4116
7.4116
7.4116
7.4116
7.4116
7.4116
7.4116
7.4116
7.4116
7.4116
7.4116
7.4116
7.4116
7.4116
7.4116
7.4116
7.4116
7.4116
7.3348
7.3348
7.3348
7.3348
7.3348
7.3348
7.3348
7.3348
7.3348
7.3348
7.3348
7.3348
7.3348
7.3348
7.3348
7.3348
7.3348
7.3348
7.3348
7.3348
7.3348
7.3348
7.3348
7.3348
7.3348
7.3348
7.3348
7.3348
7.3348
7.3348
7.3348
7.3348
7.3348
7.3348
7.3348
7.3348
7.3348
7.3348
7.3348
7.3348
7.3348
7.3348
